1.88,1.2
1.49,2.12
1.93,0.51
1.48,0.92
0.95,1.21
1.07,1.73
1.38,1.06
1.22,1.17
1.75,0.9
1.16,0.57
0.78,1.87
2.23,1.29
1.89,1.2
1.03,0.83
1.46,1.91
1.61,1.47
0.77,1.95
4.81,4.68
5.28,5.06
4.53,4.92
5.54,5.22
4.82,4.72
4.77,5.31
5.27,5.45
5.09,4.91
4.88,4.61
4.75,5.12
5.44,4.81
5.33,4.82
5.15,4.77
4.85,4.93
5.23,5.18
4.85,4.89
4.92,5.35
5.13,4.93
5.13,5.09
8.62,9.27
9.35,9.46
9.37,8.97
9.13,9.09
8.91,9.2
8.77,9.4
9.08,9.05
9.48,9.01
9.23,9.2
8.89,8.82
9.09,9.14
9.13,8.76
8.95,9.07
9.29,9.19
8.74,9.44
